Rk,Tm,G,PF,Yds,Ply,Y/P,TO,FL,1stD,Cmp,Att,Yds,TD,Int,NY/A,1stD,Att,Yds,TD,Y/A,1stD,Pen,Yds,1stPy,Sc%,TO%,EXP
1,Indianapolis Colts,6,194,2261,361,6.3,4,1,141,130,183,1470,8,3,7.8,76,173,791,13,4.6,50,44,341,15,61.1,7.4,94.55
2,Detroit Lions,6,191,2122,359,5.9,3,1,122,133,175,1350,15,2,7.3,75,175,772,8,4.4,42,36,265,5,46.2,4.6,72.67
3,Dallas Cowboys,6,178,2325,385,6.0,6,2,140,167,234,1622,13,4,6.7,82,144,703,7,4.9,39,48,396,19,50.8,9.5,88.42
4,Buffalo Bills,6,167,2270,378,6.0,6,2,139,123,180,1364,11,4,7.1,73,186,906,9,4.9,50,44,351,16,46.9,9.4,65.09
5,Seattle Seahawks,6,166,2138,340,6.3,8,5,117,116,164,1513,11,3,8.8,69,169,625,6,3.7,35,34,296,13,43.5,11.3,44.00
6,Tampa Bay Buccaneers,6,165,2121,368,5.8,2,1,122,129,195,1465,12,1,7.1,67,163,656,5,4.0,38,40,337,17,47.6,3.2,56.96
7,Washington Commanders,6,158,2074,350,5.9,6,4,118,108,172,1168,10,2,6.3,56,164,906,7,5.5,45,42,311,17,44.8,10.3,47.67
8,Kansas City Chiefs,6,155,2160,377,5.7,2,0,133,138,213,1448,11,2,6.5,75,154,712,7,4.6,50,42,350,8,51.8,3.6,65.47
9,Pittsburgh Steelers,6,150,1785,327,5.5,5,0,106,120,174,1218,14,5,6.7,54,144,567,3,3.9,40,36,253,12,42.9,7.9,38.52
10,New England Patriots,6,150,2016,356,5.7,7,5,118,131,180,1467,10,2,7.4,70,158,549,6,3.5,37,53,411,11,41.4,12.1,43.62
11,Baltimore Ravens,6,144,1855,325,5.7,10,5,103,112,163,1098,10,5,6.0,55,142,757,6,5.3,38,38,274,10,40.3,16.1,4.43
12,Philadelphia Eagles,6,142,1647,352,4.7,3,2,107,117,172,1075,8,1,5.7,54,162,572,8,3.5,43,41,392,10,33.9,4.8,18.75
13,Los Angeles Rams,6,140,2250,367,6.1,7,5,128,139,210,1615,12,2,7.3,78,146,635,4,4.3,38,33,269,12,41.3,11.1,44.73
14,Jacksonville Jaguars,6,139,1986,384,5.2,6,1,113,129,211,1242,8,5,5.5,63,160,744,6,4.7,40,52,409,10,35.8,9.0,14.87
15,Cincinnati Bengals,7,136,1881,401,4.7,11,3,124,161,252,1399,13,8,5.2,73,131,482,2,3.7,31,38,254,20,33.3,14.7,-11.29
16,Miami Dolphins,6,134,1734,322,5.4,8,1,100,133,191,1186,11,7,5.8,70,118,548,4,4.6,26,38,286,4,40.7,14.8,35.00
17,Carolina Panthers,6,132,1985,387,5.1,9,4,130,128,205,1129,11,5,5.3,68,172,856,3,5.0,46,36,305,16,40.7,13.6,20.74
18,Green Bay Packers,5,131,1798,310,5.8,3,1,106,103,147,1187,9,2,7.6,57,154,611,6,4.0,37,40,285,12,47.1,5.9,57.46
19,Arizona Cardinals,6,130,1842,371,5.0,7,3,110,137,206,1163,8,4,5.2,67,147,679,5,4.6,33,48,338,10,38.3,10.0,24.69
20,Denver Broncos,6,130,2022,380,5.3,7,3,116,133,206,1241,9,4,5.9,63,168,781,6,4.6,37,49,448,16,34.3,9.0,19.71
21,Los Angeles Chargers,6,127,2164,382,5.7,8,4,121,149,220,1440,10,4,6.1,72,144,724,2,5.0,37,46,344,12,43.3,11.7,15.02
22,Chicago Bears,5,126,1693,307,5.5,4,2,93,100,162,1139,9,2,6.6,52,135,554,4,4.1,34,43,362,7,41.8,7.3,12.98
23,San Francisco 49ers,6,125,2242,415,5.4,10,3,132,161,241,1749,10,7,6.9,90,161,493,1,3.1,31,41,333,11,42.9,15.9,21.60
24,New York Jets,6,123,1679,359,4.7,8,7,111,113,170,865,7,1,4.4,55,164,814,4,5.0,47,44,367,9,35.9,9.4,-23.14
25,Minnesota Vikings,5,123,1525,286,5.3,9,4,89,96,146,991,8,5,5.9,51,119,534,4,4.5,29,44,337,9,35.1,14.0,-6.73
26,New York Giants,6,121,1969,394,5.0,8,3,126,122,197,1212,7,5,5.7,55,181,757,7,4.2,54,49,470,17,36.1,13.1,8.46
27,New Orleans Saints,6,111,1832,384,4.8,4,2,120,140,207,1175,6,2,5.4,60,166,657,3,4.0,41,50,362,19,37.1,6.5,6.94
28,Houston Texans,5,108,1572,293,5.4,5,2,90,104,148,991,8,3,6.2,46,133,581,3,4.4,31,34,267,13,43.1,9.8,16.20
29,Las Vegas Raiders,6,103,1840,363,5.1,11,1,108,123,186,1209,7,10,5.9,64,159,631,3,4.0,33,37,306,11,32.3,16.9,-13.45
30,Atlanta Falcons,5,100,1894,330,5.7,5,2,105,103,164,1138,4,3,6.7,56,159,756,6,4.8,40,27,187,9,37.0,9.3,20.25
31,Tennessee Titans,6,83,1394,354,3.9,10,6,91,111,202,903,3,4,4.0,54,127,491,2,3.9,29,48,365,8,28.4,14.9,-64.22
32,Cleveland Browns,6,82,1689,407,4.1,8,2,107,144,249,1145,5,6,4.3,57,141,544,3,3.9,38,43,351,12,25.4,11.9,-49.98

Rk,Tm,G,Cmp,Att,Cmp%,Yds,TD,TD%,Int,Int%,Lng,Y/A,AY/A,Y/C,Y/G,Rate,Sk,Yds,Sk%,NY/A,ANY/A,4QC,GWD,EXP
1,San Francisco 49ers,6,161,241,66.8,1749,10,4.1,7,2.9,56,7.6,7.1,11.4,291.5,91.3,13,89,5.1,6.9,6.4,2,3,46.72
2,Dallas Cowboys,6,167,234,71.4,1622,13,5.6,4,1.7,46,7.1,7.4,9.9,270.3,102.5,7,36,2.9,6.7,7.1,2,1,81.90
3,Los Angeles Rams,6,139,210,66.2,1615,12,5.7,2,1.0,88,8.0,8.7,12.1,269.2,105.7,11,69,5.0,7.3,8.0,1,1,57.52
4,Seattle Seahawks,6,116,164,70.7,1513,11,6.7,3,1.8,61,9.5,10.0,13.4,252.2,115.3,7,43,4.1,8.8,9.3,0,2,69.31
5,Indianapolis Colts,6,130,183,71.0,1470,8,4.4,3,1.6,75,8.3,8.4,11.6,245.0,103.4,5,41,2.7,7.8,8.0,2,2,71.96
6,New England Patriots,6,131,180,72.8,1467,10,5.6,2,1.1,55,8.5,9.1,11.6,244.5,111.9,18,55,9.1,7.4,8.0,0,1,75.87
7,Tampa Bay Buccaneers,6,129,195,66.2,1465,12,6.2,1,0.5,77,7.9,8.9,11.9,244.2,108.5,10,74,4.9,7.1,8.1,4,4,58.81
8,Kansas City Chiefs,6,138,213,64.8,1448,11,5.2,2,0.9,49,7.1,7.7,11.0,241.3,99.0,10,66,4.5,6.5,7.1,,,51.93
9,Los Angeles Chargers,6,149,220,67.7,1440,10,4.5,4,1.8,60,7.0,7.1,10.3,240.0,95.2,18,97,7.6,6.1,6.1,2,2,20.20
10,Cincinnati Bengals,7,161,252,63.9,1399,13,5.2,8,3.2,64,6.0,5.6,9.4,199.9,84.2,18,108,6.7,5.2,4.8,1,1,-5.38
11,Buffalo Bills,6,123,180,68.3,1364,11,6.1,4,2.2,51,7.9,8.2,11.6,227.3,103.2,12,65,6.3,7.1,7.3,1,2,55.34
12,Detroit Lions,6,133,175,76.0,1350,15,8.6,2,1.1,64,8.0,9.2,10.5,225.0,122.4,9,43,4.9,7.3,8.5,0,1,66.96
13,Jacksonville Jaguars,6,129,211,61.1,1242,8,3.8,5,2.4,46,6.3,6.0,10.3,207.0,81.9,13,82,5.8,5.5,5.3,1,2,15.60
14,Denver Broncos,6,133,206,64.6,1241,9,4.4,4,1.9,52,6.2,6.2,9.6,206.8,88.2,6,36,2.8,5.9,5.9,2,2,25.27
15,Pittsburgh Steelers,6,120,174,69.0,1218,14,8.0,5,2.9,80,7.4,7.7,10.7,203.0,105.1,9,64,4.9,6.7,7.0,1,2,42.11
16,New York Giants,6,122,197,61.9,1212,7,3.6,5,2.5,52,6.6,6.1,10.6,202.0,82.3,16,82,7.5,5.7,5.3,,,8.25
17,Las Vegas Raiders,6,123,186,66.1,1209,7,3.8,10,5.4,61,7.3,5.6,11.0,201.5,77.6,18,141,8.8,5.9,4.4,,,11.93
18,Green Bay Packers,5,103,147,70.1,1187,9,6.1,2,1.4,57,8.6,9.2,12.2,237.4,110.9,9,72,5.8,7.6,8.2,1,0,54.64
19,Miami Dolphins,6,133,191,69.6,1186,11,5.8,7,3.7,47,6.6,6.1,9.4,197.7,91.4,13,67,6.4,5.8,5.3,,,22.89
20,New Orleans Saints,6,140,207,67.6,1175,6,2.9,2,1.0,87,6.0,6.1,8.8,195.8,89.0,11,61,5.0,5.4,5.5,,,7.98
21,Washington Commanders,6,108,172,62.8,1168,10,5.8,2,1.2,56,7.2,7.8,11.5,194.7,98.9,14,70,7.5,6.3,6.9,,,46.59
22,Arizona Cardinals,6,137,206,66.5,1163,8,3.9,4,1.9,45,6.2,6.1,9.4,193.8,88.3,18,119,8.0,5.2,5.1,,,27.61
23,Cleveland Browns,6,144,249,57.8,1145,5,2.0,6,2.4,35,5.0,4.3,8.6,190.8,67.8,17,100,6.4,4.3,3.7,1,1,-49.61
24,Chicago Bears,5,100,162,61.7,1139,9,5.6,2,1.2,65,7.4,8.0,12.1,227.8,97.9,10,67,5.8,6.6,7.1,2,2,26.94
25,Atlanta Falcons,5,103,164,62.8,1138,4,2.4,3,1.8,69,7.3,7.0,11.6,227.6,85.3,7,59,4.1,6.7,6.3,,,11.42
26,Carolina Panthers,6,128,205,62.4,1129,11,5.4,5,2.4,40,5.9,5.9,9.4,188.2,86.4,10,79,4.7,5.3,5.2,2,2,12.72
27,Baltimore Ravens,6,112,163,68.7,1098,10,6.1,5,3.1,56,7.6,7.5,11.1,183.0,98.7,20,142,10.9,6.0,5.9,,,4.83
28,Philadelphia Eagles,6,117,172,68.0,1075,8,4.7,1,0.6,52,6.8,7.5,10.0,179.2,100.2,18,97,9.5,5.7,6.3,1,1,9.67
29,Minnesota Vikings,5,96,146,65.8,991,8,5.5,5,3.4,81,7.7,7.2,11.7,198.2,92.9,21,130,12.6,5.9,5.5,2,2,9.01
30,Houston Texans,5,104,148,70.3,991,8,5.4,3,2.0,50,7.4,7.6,10.6,198.2,101.2,12,108,7.5,6.2,6.4,,,15.69
31,Tennessee Titans,6,111,202,55.0,903,3,1.5,4,2.0,47,5.5,4.9,9.9,150.5,67.3,25,198,11.0,4.0,3.4,1,1,-47.28
32,New York Jets,6,113,170,66.5,865,7,4.1,1,0.6,33,6.2,6.7,9.3,144.2,94.5,25,187,12.8,4.4,4.9,,,-12.27

Rk,Tm,G,Att,Yds,TD,Lng,Y/A,Y/G,Fmb,EXP
1,Buffalo Bills,6,186,906,9,44,4.9,151.0,8,18.66
2,Washington Commanders,6,164,906,7,60,5.5,151.0,9,13.25
3,Carolina Panthers,6,172,856,3,53,5.0,142.7,7,16.04
4,New York Jets,6,164,814,4,43,5.0,135.7,10,0.18
5,Indianapolis Colts,6,173,791,13,68,4.6,131.8,3,30.58
6,Denver Broncos,6,168,781,6,50,4.6,130.2,4,-4.82
7,Detroit Lions,6,175,772,8,72,4.4,128.7,3,0.90
8,Baltimore Ravens,6,142,757,6,71,5.3,126.2,9,-1.17
9,New York Giants,6,181,757,7,24,4.2,126.2,7,7.66
10,Atlanta Falcons,5,159,756,6,81,4.8,151.2,5,10.37
11,Jacksonville Jaguars,6,160,744,6,71,4.7,124.0,4,8.77
12,Los Angeles Chargers,6,144,724,2,54,5.0,120.7,8,7.06
13,Kansas City Chiefs,6,154,712,7,35,4.6,118.7,5,21.56
14,Dallas Cowboys,6,144,703,7,66,4.9,117.2,5,10.31
15,Arizona Cardinals,6,147,679,5,71,4.6,113.2,4,2.00
16,New Orleans Saints,6,166,657,3,18,4.0,109.5,4,5.37
17,Tampa Bay Buccaneers,6,163,656,5,33,4.0,109.3,5,4.24
18,Los Angeles Rams,6,146,635,4,45,4.3,105.8,8,-10.29
19,Las Vegas Raiders,6,159,631,3,64,4.0,105.2,2,-20.61
20,Seattle Seahawks,6,169,625,6,31,3.7,104.2,7,-20.17
21,Green Bay Packers,5,154,611,6,25,4.0,122.2,2,7.58
22,Houston Texans,5,133,581,3,30,4.4,116.2,2,6.79
23,Philadelphia Eagles,6,162,572,8,29,3.5,95.3,5,13.69
24,Pittsburgh Steelers,6,144,567,3,37,3.9,94.5,5,0.46
25,Chicago Bears,5,135,554,4,20,4.1,110.8,5,-5.72
26,New England Patriots,6,158,549,6,22,3.5,91.5,10,-27.74
27,Miami Dolphins,6,118,548,4,49,4.6,91.3,4,12.87
28,Cleveland Browns,6,141,544,3,38,3.9,90.7,3,5.28
29,Minnesota Vikings,5,119,534,4,24,4.5,106.8,9,-5.90
30,San Francisco 49ers,6,161,493,1,19,3.1,82.2,7,-21.35
31,Tennessee Titans,6,127,491,2,27,3.9,81.8,6,-12.24
32,Cincinnati Bengals,7,131,482,2,37,3.7,68.9,7,-0.24

Rk,Tm,G,Ret,Yds,TD,Lng,Y/R,Rt,Yds,TD,Lng,Y/Rt,APYd
1,Minnesota Vikings,5,17,170,0,29,10.0,23,578,0,34,25.1,2565
2,Denver Broncos,6,15,180,0,32,12.0,23,590,0,34,25.7,2828
3,New York Giants,6,13,121,0,21,9.3,26,706,0,46,27.2,3035
4,Washington Commanders,6,13,186,1,90,14.3,22,725,0,69,33.0,3077
5,Green Bay Packers,5,13,71,0,20,5.5,14,390,0,36,27.9,2331
6,New York Jets,6,12,121,0,19,10.1,36,1026,0,72,28.5,3020
7,Detroit Lions,6,12,125,1,65,10.4,23,582,0,37,25.3,2919
8,Los Angeles Rams,6,12,109,0,20,9.1,22,524,0,32,23.8,2942
9,San Francisco 49ers,6,12,107,0,18,8.9,20,481,0,38,24.1,2919
10,Tampa Bay Buccaneers,6,11,165,0,54,15.0,27,656,0,35,24.3,3093
11,Buffalo Bills,6,11,64,0,15,5.8,26,671,0,41,25.8,3086
12,Cleveland Browns,6,11,96,0,16,8.7,25,607,0,32,24.3,2530
13,Seattle Seahawks,6,11,171,1,95,15.5,22,623,0,60,28.3,3051
14,Jacksonville Jaguars,6,11,153,1,87,13.9,20,497,0,54,24.9,2906
15,Houston Texans,5,11,125,0,53,11.4,10,255,0,34,25.5,2100
16,Los Angeles Chargers,6,10,93,0,33,9.3,22,566,0,40,25.7,2944
17,New England Patriots,6,9,208,1,87,23.1,26,665,1,90,25.6,2975
18,Las Vegas Raiders,6,9,100,0,25,11.1,25,644,0,38,25.8,2747
19,Kansas City Chiefs,6,9,91,0,25,10.1,25,672,0,47,26.9,3015
20,Chicago Bears,5,9,103,0,22,11.4,24,623,0,44,26.0,2605
21,Arizona Cardinals,6,9,110,0,29,12.2,24,605,0,36,25.2,2705
22,Miami Dolphins,6,8,152,1,74,19.0,32,847,0,54,26.5,2809
23,New Orleans Saints,6,8,112,0,40,14.0,27,642,0,43,23.8,2766
24,Carolina Panthers,6,8,31,0,13,3.9,21,469,0,35,22.3,2638
25,Baltimore Ravens,6,7,111,0,35,15.9,31,762,0,43,24.6,3003
26,Pittsburgh Steelers,6,7,66,0,17,9.4,24,623,0,37,26.0,2590
27,Cincinnati Bengals,7,6,78,0,23,13.0,33,793,0,37,24.0,2898
28,Dallas Cowboys,6,6,57,0,19,9.5,29,688,0,45,23.7,3125
29,Tennessee Titans,6,6,82,0,21,13.7,28,732,0,71,26.1,2425
30,Atlanta Falcons,5,6,39,0,17,6.5,19,395,0,30,20.8,2389
31,Philadelphia Eagles,6,5,48,0,15,9.6,25,518,0,39,20.7,2342
32,Indianapolis Colts,6,5,35,0,16,7.0,21,571,0,39,27.2,3016

Rk,Tm,G,FGA,FGM,FGA,FGM,FGA,FGM,FGA,FGM,FGA,FGM,FGA,FGM,Lng,FG%,XPA,XPM,XP%,KO,KOYds,TB,TB%,KOAvg
1,Seattle Seahawks,6,,,1,1,4,3,4,3,5,4,14,11,56,78.6%,19,19,100.0%,35,2179,6,17.1%,62.3
2,Indianapolis Colts,6,,,5,5,5,5,3,3,2,1,15,14,52,93.3%,18,18,100.0%,39,2238,5,12.8%,57.4
3,Detroit Lions,6,,,2,2,2,2,2,2,3,1,9,7,58,77.8%,24,24,100.0%,37,2195,5,13.5%,59.3
4,Tampa Bay Buccaneers,6,,,1,1,6,5,6,3,4,4,17,13,65,76.5%,15,14,93.3%,34,2067,1,2.9%,60.8
5,Dallas Cowboys,6,,,3,3,2,2,3,3,4,4,12,12,64,100.0%,19,18,94.7%,35,2185,13,37.1%,62.4
6,Kansas City Chiefs,6,,,3,3,4,4,2,1,5,3,14,11,59,78.6%,17,14,82.4%,33,1958,3,9.1%,59.3
7,Washington Commanders,6,,,1,1,2,1,4,4,7,4,14,10,56,71.4%,16,16,100.0%,33,1903,7,21.2%,57.7
8,Los Angeles Rams,6,,,4,3,4,3,4,3,2,1,14,10,51,71.4%,16,14,87.5%,33,1957,10,30.3%,59.3
9,Buffalo Bills,6,,,2,2,5,4,3,3,1,1,11,10,52,90.9%,17,17,100.0%,34,2071,3,8.8%,60.9
10,San Francisco 49ers,6,,,5,4,5,4,4,4,4,4,18,16,59,88.9%,10,9,90.0%,32,1973,8,25.0%,61.7
11,Pittsburgh Steelers,6,,,,,2,1,6,6,4,3,12,10,60,83.3%,16,16,100.0%,33,2033,1,3.0%,61.6
12,New Orleans Saints,6,,,6,6,5,4,3,1,5,3,19,14,54,73.7%,9,9,100.0%,28,1679,5,17.9%,60.0
13,Jacksonville Jaguars,6,,,3,3,3,3,5,3,2,1,13,10,52,76.9%,14,13,92.9%,31,1842,9,29.0%,59.4
14,Green Bay Packers,5,,,1,1,5,5,3,1,2,2,11,9,56,81.8%,15,14,93.3%,28,1775,8,28.6%,63.4
15,Cincinnati Bengals,7,,,2,2,3,3,4,4,3,1,12,10,50,83.3%,14,14,100.0%,31,1858,3,9.7%,59.9
16,Baltimore Ravens,6,,,1,1,3,3,4,4,2,1,10,9,52,90.0%,16,15,93.8%,31,1674,2,6.5%,54.0
17,Arizona Cardinals,6,,,2,2,2,2,5,4,3,2,12,10,57,83.3%,14,14,100.0%,30,1811,3,10.0%,60.4
18,New England Patriots,6,1,1,2,2,2,2,2,1,2,2,9,8,53,88.9%,16,14,87.5%,31,1767,3,9.7%,57.0
19,Los Angeles Chargers,6,,,3,3,8,8,2,2,1,1,14,14,55,100.0%,11,11,100.0%,31,1956,4,12.9%,63.1
20,Atlanta Falcons,5,,,2,2,7,6,3,1,2,1,14,10,54,71.4%,10,10,100.0%,25,1531,3,12.0%,61.2
21,Carolina Panthers,6,,,1,1,4,4,3,3,3,2,11,10,57,90.9%,13,12,92.3%,29,1653,5,17.2%,57.0
22,Chicago Bears,5,,,,,2,2,7,6,3,2,12,10,52,83.3%,12,12,100.0%,28,1665,4,14.3%,59.5
23,Tennessee Titans,6,,,1,1,4,4,6,4,7,5,18,14,57,77.8%,6,5,83.3%,24,1418,6,25.0%,59.1
24,Denver Broncos,6,,,2,2,3,3,2,1,2,2,9,8,57,88.9%,14,14,100.0%,30,1871,4,13.3%,62.4
25,Miami Dolphins,6,,,1,1,1,1,5,5,1,,8,7,47,87.5%,15,15,100.0%,28,1679,3,10.7%,60.0
26,Philadelphia Eagles,6,,,,,2,2,1,1,3,3,6,6,58,100.0%,16,16,100.0%,28,1657,1,3.6%,59.2
27,Las Vegas Raiders,6,,,3,3,3,3,2,2,6,3,14,11,54,78.6%,8,8,100.0%,27,1574,4,14.8%,58.3
28,Houston Texans,5,,,1,1,2,2,3,3,7,5,13,11,57,84.6%,9,9,100.0%,26,1620,5,19.2%,62.3
29,New York Giants,6,,,3,3,4,4,,,1,1,8,8,55,100.0%,13,11,84.6%,29,1776,3,10.3%,61.2
30,Minnesota Vikings,5,,,1,1,3,3,1,1,4,3,9,8,62,88.9%,11,11,100.0%,25,1446,4,16.0%,57.8
31,Cleveland Browns,6,,,,,7,6,1,1,3,2,11,9,55,81.8%,8,7,87.5%,21,1269,2,9.5%,60.4
32,New York Jets,6,,,1,1,3,3,3,3,5,5,12,12,58,100.0%,7,7,100.0%,29,1604,4,13.8%,55.3

Rk,Tm,G,Pnt,Yds,Y/P,RetYds,Net,NY/P,Lng,TB,TB%,In20,In20%,Blck
1,Cincinnati Bengals,7,34,1779,52.3,204,1435,42.2,70,7,20.6%,11,32.4%,0
2,Cleveland Browns,6,33,1483,44.9,175,1248,36.7,67,4,12.1%,11,33.3%,1
3,Denver Broncos,6,30,1426,47.5,129,1217,40.6,63,4,13.3%,16,53.3%,0
4,Philadelphia Eagles,6,30,1578,52.6,265,1253,41.8,70,3,10.0%,6,20.0%,0
5,Tennessee Titans,6,29,1401,48.3,139,1218,42.0,65,2,6.9%,9,31.0%,0
6,Tampa Bay Buccaneers,6,23,987,42.9,124,823,32.9,62,2,8.7%,7,30.4%,2
7,Jacksonville Jaguars,6,25,1234,49.4,45,1109,44.4,61,4,16.0%,8,32.0%,0
8,Minnesota Vikings,5,24,1179,49.1,86,1093,45.5,77,0,0.0%,6,25.0%,0
9,New York Jets,6,24,1146,47.8,40,1086,45.3,58,1,4.2%,9,37.5%,0
10,Arizona Cardinals,6,24,1230,51.3,99,1091,45.5,63,2,8.3%,9,37.5%,0
11,New York Giants,6,22,973,44.2,47,886,40.3,69,2,9.1%,9,40.9%,0
12,New Orleans Saints,6,21,911,43.4,157,714,32.5,61,2,9.5%,5,23.8%,1
13,Detroit Lions,6,22,1018,46.3,106,848,38.5,64,0,0.0%,13,59.1%,0
14,Seattle Seahawks,6,22,1071,48.7,118,912,41.5,58,2,9.1%,9,40.9%,0
15,Las Vegas Raiders,6,20,914,45.7,169,705,33.6,60,2,10.0%,5,25.0%,1
16,Dallas Cowboys,6,20,941,47.1,126,815,40.8,60,0,0.0%,6,30.0%,0
17,New England Patriots,6,20,979,49.0,146,793,39.7,73,2,10.0%,8,40.0%,0
18,Pittsburgh Steelers,6,19,894,47.1,82,772,40.6,64,2,10.5%,7,36.8%,0
19,Los Angeles Chargers,6,19,947,49.8,100,827,43.5,60,1,5.3%,8,42.1%,0
20,Buffalo Bills,6,19,809,42.6,59,746,39.3,50,0,0.0%,8,42.1%,0
21,Miami Dolphins,6,19,945,49.7,52,890,46.8,64,0,0.0%,9,47.4%,0
22,Chicago Bears,5,19,908,47.8,131,757,39.8,62,1,5.3%,5,26.3%,0
23,Houston Texans,5,18,863,47.9,60,783,43.5,66,1,5.6%,7,38.9%,0
24,Los Angeles Rams,6,17,835,49.1,123,692,40.7,68,1,5.9%,9,52.9%,0
25,Baltimore Ravens,6,17,853,50.2,27,786,46.2,63,2,11.8%,6,35.3%,0
26,Carolina Panthers,6,17,806,47.4,251,535,31.5,61,1,5.9%,6,35.3%,0
27,San Francisco 49ers,6,17,745,43.8,157,588,34.6,54,0,0.0%,8,47.1%,0
28,Washington Commanders,6,17,790,46.5,35,719,42.3,64,2,11.8%,9,52.9%,0
29,Green Bay Packers,5,16,816,51.0,97,679,42.4,65,2,12.5%,5,31.3%,0
30,Kansas City Chiefs,6,15,680,45.3,30,650,43.3,69,0,0.0%,9,60.0%,0
31,Atlanta Falcons,5,15,645,43.0,81,555,37.0,59,0,0.0%,5,33.3%,0
32,Indianapolis Colts,6,10,521,52.1,20,481,48.1,57,1,10.0%,6,60.0%,0

1,Houston Texans,5,3,8,,,,,,11,,2,,9,9,11,13,,108,21.6
2,Denver Broncos,6,6,9,,,,,,15,1,1,,14,14,8,9,,130,21.7
3,Los Angeles Rams,6,4,12,,,,,,16,,0,,14,16,10,14,,140,23.3
4,Indianapolis Colts,6,13,8,,,,1,,22,1,4,,18,18,14,15,,194,32.3
5,Minnesota Vikings,5,4,8,,,1,1,,14,2,3,,11,11,8,9,,123,24.6
6,Seattle Seahawks,6,6,11,1,,,,1,19,,0,,19,19,11,14,,166,27.7
7,Atlanta Falcons,5,6,4,,,,,,10,,0,,10,10,10,14,,100,20.0
8,New England Patriots,6,6,10,1,1,,,,18,2,2,,14,16,8,9,,150,25.0
9,Jacksonville Jaguars,6,6,8,1,,,1,,16,,2,,13,14,10,13,,139,23.2
10,Green Bay Packers,5,6,9,,,,,,15,,0,,14,15,9,11,,131,26.2
11,Kansas City Chiefs,6,7,11,,,,,,18,,1,,14,17,11,14,,155,25.8
12,Los Angeles Chargers,6,2,10,,,,,,12,1,1,,11,11,14,14,,127,21.2
13,Washington Commanders,6,7,10,1,,,,,18,2,2,,16,16,10,14,,158,26.3
14,Arizona Cardinals,6,5,8,,,1,,,14,,0,,14,14,10,12,1,130,21.7
15,San Francisco 49ers,6,1,10,,,,,,11,1,1,,9,10,16,18,,125,20.8
16,Buffalo Bills,6,9,11,,,,,,20,,3,,17,17,10,11,,167,27.8
17,Pittsburgh Steelers,6,3,14,,,,,,17,1,1,,16,16,10,12,,150,25.0
18,Detroit Lions,6,8,15,1,,,,,24,,0,,24,24,7,9,1,191,31.8
19,Philadelphia Eagles,6,8,8,,,,,2,18,,1,,16,16,6,6,,142,23.7
20,New York Giants,6,7,7,,,,,,14,1,1,,11,13,8,8,,121,20.2
21,Cleveland Browns,6,3,5,,,,,,8,,0,,7,8,9,11,,82,13.7
22,Carolina Panthers,6,3,11,,,,1,,15,,2,,12,13,10,11,,132,22.0
23,Las Vegas Raiders,6,3,7,,,,,,10,1,2,,8,8,11,14,,103,17.2
24,Tampa Bay Buccaneers,6,5,12,,,,1,,18,1,3,,14,15,13,17,1,165,27.5
25,New Orleans Saints,6,3,6,,,1,,,10,,1,,9,9,14,19,,111,18.5
26,Tennessee Titans,6,2,3,,,1,,,6,,0,,5,6,14,18,,83,13.8
27,Chicago Bears,5,4,9,,,,1,,14,,2,,12,12,10,12,,126,25.2
28,New York Jets,6,4,7,,,,,1,12,3,5,,7,7,12,12,1,123,20.5
29,Miami Dolphins,6,4,11,1,,,,,16,1,1,,15,15,7,8,,134,22.3
30,Cincinnati Bengals,7,2,13,,,,,,15,1,1,,14,14,10,12,,136,19.4
31,Dallas Cowboys,6,7,13,,,,,,20,1,1,1,18,19,12,12,,178,29.7
32,Baltimore Ravens,6,6,10,,,1,,,17,,1,,15,16,9,10,,144,24.0

Rk,Tm,G,3DAtt,3DConv,3D%,4DAtt,4DConv,4D%,RZAtt,RZTD,RZPct
1,San Francisco 49ers,6,86,39,45.3%,10,6,60.0%,21,9,42.9%
2,Los Angeles Chargers,6,84,38,45.2%,6,4,66.7%,20,7,35.0%
3,Arizona Cardinals,6,82,36,43.9%,5,4,80.0%,23,13,56.5%
4,Cincinnati Bengals,7,90,35,38.9%,4,4,100.0%,18,12,66.7%
5,Green Bay Packers,5,65,34,52.3%,4,3,75.0%,21,15,71.4%
6,Las Vegas Raiders,6,80,33,41.3%,10,5,50.0%,18,7,38.9%
7,Miami Dolphins,6,71,33,46.5%,7,4,57.1%,16,12,75.0%
8,Cleveland Browns,6,93,32,34.4%,16,10,62.5%,15,8,53.3%
9,New York Giants,6,81,32,39.5%,14,6,42.9%,22,9,40.9%
10,Indianapolis Colts,6,66,31,47.0%,8,6,75.0%,29,19,65.5%
11,Dallas Cowboys,6,72,31,43.1%,8,6,75.0%,23,15,65.2%
12,Kansas City Chiefs,6,75,31,41.3%,13,11,84.6%,25,16,64.0%
13,Tampa Bay Buccaneers,6,73,30,41.1%,5,3,60.0%,19,10,52.6%
14,Denver Broncos,6,82,30,36.6%,6,3,50.0%,17,11,64.7%
15,Detroit Lions,6,72,29,40.3%,11,7,63.6%,27,20,74.1%
16,Carolina Panthers,6,74,29,39.2%,14,9,64.3%,19,12,63.2%
17,New Orleans Saints,6,77,29,37.7%,9,3,33.3%,19,8,42.1%
18,New England Patriots,6,70,29,41.4%,10,8,80.0%,20,12,60.0%
19,Pittsburgh Steelers,6,67,29,43.3%,3,1,33.3%,18,13,72.2%
20,Jacksonville Jaguars,6,79,28,35.4%,9,6,66.7%,20,11,55.0%
21,Buffalo Bills,6,68,28,41.2%,5,3,60.0%,25,16,64.0%
22,Baltimore Ravens,6,69,28,40.6%,12,4,33.3%,18,8,44.4%
23,Chicago Bears,5,65,28,43.1%,6,2,33.3%,14,8,57.1%
24,Atlanta Falcons,5,67,28,41.8%,9,4,44.4%,16,7,43.8%
25,Los Angeles Rams,6,67,27,40.3%,10,6,60.0%,26,13,50.0%
26,Philadelphia Eagles,6,75,26,34.7%,9,7,77.8%,16,14,87.5%
27,Seattle Seahawks,6,67,25,37.3%,4,2,50.0%,21,14,66.7%
28,Tennessee Titans,6,82,23,28.0%,8,4,50.0%,11,5,45.5%
29,New York Jets,6,76,23,30.3%,15,8,53.3%,13,8,61.5%
30,Houston Texans,5,60,21,35.0%,7,6,85.7%,11,6,54.5%
31,Washington Commanders,6,60,20,33.3%,7,5,71.4%,15,11,73.3%
32,Minnesota Vikings,5,58,18,31.0%,6,4,66.7%,15,10,66.7%

Rk,Tm,G,#Dr,Plays,Sc%,TO%,Plays,Yds,Start,Time,Pts
1,Cincinnati Bengals,7,75,413,33.3,14.7,5.5,25.1,Own 27.8,2:32,1.80
2,Tennessee Titans,6,67,372,28.4,14.9,5.6,20.8,Own 29.4,2:29,1.15
3,Cleveland Browns,6,67,418,25.4,11.9,6.2,25.2,Own 29.5,2:45,1.24
4,Denver Broncos,6,67,389,34.3,9.0,5.8,30.2,Own 30.8,2:47,1.93
5,Jacksonville Jaguars,6,67,397,35.8,9.0,5.9,29.7,Own 29.1,2:50,1.91
6,Detroit Lions,6,65,368,46.2,4.6,5.7,32.5,Own 34.8,2:56,2.80
7,Las Vegas Raiders,6,65,377,32.3,16.9,5.8,28.3,Own 29.1,2:52,1.58
8,Buffalo Bills,6,64,389,46.9,9.4,6.1,35.3,Own 28.3,3:07,2.66
9,New York Jets,6,64,371,35.9,9.4,5.8,26.3,Own 29.7,2:46,1.77
10,Tampa Bay Buccaneers,6,63,385,47.6,3.2,6.1,33.7,Own 30.6,2:58,2.51
11,San Francisco 49ers,6,63,433,42.9,15.9,6.9,35.6,Own 28.2,3:05,1.98
12,Dallas Cowboys,6,63,397,50.8,9.5,6.3,36.9,Own 28.7,2:55,2.79
13,Pittsburgh Steelers,6,63,339,42.9,7.9,5.4,28.4,Own 33.2,2:37,2.37
14,Los Angeles Rams,6,63,380,41.3,11.1,6.0,35.2,Own 32.2,2:40,2.25
15,Philadelphia Eagles,6,62,341,33.9,4.8,5.5,24.9,Own 27.2,2:48,1.98
16,New Orleans Saints,6,62,403,37.1,6.5,6.5,29.5,Own 30.3,2:47,1.69
17,Baltimore Ravens,6,62,335,40.3,16.1,5.4,29.9,Own 31.8,2:41,2.24
18,Seattle Seahawks,6,62,352,43.5,11.3,5.7,34.3,Own 29.9,2:41,2.34
19,New York Giants,6,61,402,36.1,13.1,6.6,32.2,Own 33.1,3:07,2.00
20,Los Angeles Chargers,6,60,396,43.3,11.7,6.6,36.0,Own 28.6,3:10,2.10
21,Arizona Cardinals,6,60,383,38.3,10.0,6.4,30.7,Own 30.7,3:08,2.02
22,Carolina Panthers,6,59,398,40.7,13.6,6.7,33.6,Own 27.8,3:16,2.17
23,Washington Commanders,6,58,358,44.8,10.3,6.2,34.6,Own 32.3,2:50,2.45
24,New England Patriots,6,58,365,41.4,12.1,6.3,34.3,Own 31.3,3:05,2.34
25,Minnesota Vikings,5,57,295,35.1,14.0,5.2,26.9,Own 27.9,2:32,1.89
26,Kansas City Chiefs,6,56,391,51.8,3.6,7.0,38.6,Own 31.1,3:17,2.84
27,Chicago Bears,5,55,319,41.8,7.3,5.8,30.5,Own 33.4,2:45,2.20
28,Miami Dolphins,6,54,330,40.7,14.8,6.1,32.0,Own 31.9,2:59,2.33
29,Indianapolis Colts,6,54,358,61.1,7.4,6.6,40.6,Own 31.6,3:17,3.24
30,Atlanta Falcons,5,54,344,37.0,9.3,6.4,35.0,Own 28.1,3:04,1.85
31,Houston Texans,5,51,306,43.1,9.8,6.0,30.8,Own 33.0,3:06,2.16
32,Green Bay Packers,5,51,321,47.1,5.9,6.3,35.3,Own 29.5,3:08,2.59


